0.00414 0.00414 0.00414 0.00414 0.00414 0.00414 0.00414 0.00414 0.00414 0.00414 0.00414 0.00414 0.00414 0.00414 0.00414 0.00414 0.00414 0.00414 0.00414 0.00414 0.00414 0.00414 0.00414 0.00414 0.00414 0.00414 0.00414 0.00414
0.00414 0.00414 0.00414 0.00414 0.00414 0.00414 0.00414 0.00414 0.00414 0.00414 0.00414 0.00414 0.00414 0.00414 0.00414 0.00414 0.00414 0.00414 0.00414 0.00414 0.00414 0.00414 0.00414 0.00414 0.00414 0.00414 0.00414 0.00414
0.00414 0.00414 0.00414 0.00414 0.00414 0.00414 0.00414 0.00414 0.00414 0.00414 0.00414 0.00414 0.00414 0.00414 0.00414 0.00414 0.00414 0.00414 0.00414 0.00414 0.00414 0.00414 0.00414 0.00414 0.00414 0.00414 0.00414 0.00414
0.00414 0.00414 0.00414 0.00414 0.00414 0.00414 0.00414 0.00414 0.00414 0.00414 0.00621 0.01242 0.01863 0.02691 0.03312 0.03519 0.03312 0.03519 0.02898 0.01656 0.01242 0.00621 0.00414 0.00414 0.00414 0.00414 0.00414 0.00414
0.00414 0.00414 0.00414 0.00414 0.00414 0.00414 0.00414 0.00621 0.01242 0.02691 0.05383 0.12422 0.21118 0.28778 0.3706  0.42236 0.41200 0.42029 0.35817 0.27743 0.17805 0.11387 0.06625 0.02691 0.00828 0.00414 0.00414 0.00414
0.00414 0.00414 0.00414 0.00414 0.00414 0.00414 0.00621 0.01035 0.03105 0.08488 0.18633 0.27329 0.40786 0.55900 0.67701 0.75776 0.77432 0.75155 0.63768 0.51966 0.35817 0.25051 0.13043 0.05797 0.01242 0.00414 0.00414 0.00414
0.00414 0.00414 0.00414 0.00414 0.00828 0.00828 0.01035 0.02691 0.07246 0.19047 0.31677 0.43685 0.58592 0.72049 0.80745 0.87577 0.89441 0.87991 0.80538 0.69772 0.54865 0.3706  0.22774 0.09730 0.02277 0.00414 0.00414 0.00414
0.00414 0.00414 0.00414 0.00414 0.00621 0.00828 0.01656 0.06211 0.17598 0.30641 0.43685 0.60248 0.75569 0.85714 0.86956 0.89026 0.88612 0.90476 0.87577 0.81987 0.70600 0.51138 0.30020 0.14492 0.04140 0.00414 0.00414 0.00414
0.00414 0.00414 0.00414 0.00414 0.00621 0.01242 0.04554 0.11387 0.25672 0.40786 0.61490 0.73084 0.81573 0.83850 0.80952 0.78467 0.75569 0.79503 0.81987 0.85300 0.75776 0.65010 0.43064 0.19875 0.07246 0.00414 0.00414 0.00414
0.00414 0.00414 0.00414 0.00414 0.00621 0.02484 0.09109 0.22774 0.36438 0.56935 0.73913 0.81159 0.80745 0.74534 0.66873 0.60455 0.57349 0.59420 0.69358 0.80331 0.80745 0.70186 0.53623 0.30434 0.08281 0.00414 0.00414 0.00414
0.00414 0.00414 0.00414 0.00414 0.00621 0.06004 0.15528 0.32091 0.50931 0.70393 0.81573 0.81987 0.73084 0.62318 0.50724 0.38923 0.34782 0.41200 0.53002 0.69358 0.80538 0.76397 0.6294  0.38923 0.10973 0.00414 0.00414 0.00414
0.00414 0.00414 0.00414 0.00414 0.01242 0.10144 0.25879 0.44306 0.64182 0.79296 0.80538 0.72877 0.60662 0.44927 0.33540 0.22567 0.18840 0.23809 0.41200 0.61076 0.78260 0.79917 0.67287 0.42443 0.15113 0.00828 0.00621 0.00414
0.00414 0.00414 0.00414 0.00414 0.01863 0.18012 0.36438 0.56314 0.76397 0.82608 0.75362 0.61283 0.44099 0.28364 0.14492 0.08488 0.08488 0.16770 0.30848 0.54451 0.75155 0.79503 0.69979 0.46169 0.17184 0.01035 0.00621 0.00414
0.00414 0.00414 0.00621 0.00414 0.04140 0.23809 0.45548 0.67287 0.81780 0.80952 0.67080 0.49896 0.28778 0.15528 0.07039 0.04347 0.04761 0.13457 0.29399 0.49896 0.73706 0.80124 0.68323 0.47412 0.19254 0.00828 0.00621 0.00414
0.00414 0.00414 0.00414 0.00414 0.06418 0.32919 0.57142 0.77018 0.82815 0.74948 0.56107 0.35610 0.17391 0.07246 0.03105 0.02070 0.04347 0.15942 0.31055 0.53416 0.73291 0.77432 0.67287 0.45962 0.18840 0.00621 0.00414 0.00414
0.00414 0.00414 0.00414 0.00621 0.08488 0.39751 0.64182 0.80952 0.81366 0.69772 0.45755 0.24430 0.09523 0.03726 0.00828 0.01863 0.06418 0.19875 0.38509 0.59006 0.74741 0.75362 0.62318 0.42029 0.17184 0.00621 0.00414 0.00414
0.00414 0.00414 0.00414 0.00621 0.12008 0.44513 0.69772 0.84265 0.80745 0.62318 0.36646 0.14906 0.07039 0.02070 0.01449 0.05590 0.13664 0.29399 0.49896 0.65631 0.75983 0.71428 0.56314 0.34989 0.14078 0.00621 0.00414 0.00414
0.00414 0.00414 0.00414 0.00414 0.15942 0.48033 0.72877 0.84265 0.79089 0.59213 0.33747 0.14285 0.07453 0.04140 0.06625 0.12422 0.25879 0.46997 0.62111 0.73913 0.77018 0.64389 0.45962 0.27536 0.10352 0.00414 0.00414 0.00414
0.00414 0.00414 0.00414 0.00621 0.16977 0.48033 0.72877 0.85093 0.80331 0.57971 0.35610 0.20289 0.14492 0.13457 0.18426 0.30434 0.47826 0.6294  0.72049 0.78260 0.69565 0.53623 0.36438 0.18633 0.07453 0.00621 0.00414 0.00414
0.00414 0.00414 0.00414 0.00828 0.15735 0.43478 0.69979 0.84472 0.80538 0.69565 0.52588 0.35817 0.31884 0.33333 0.40993 0.54865 0.65838 0.75983 0.80538 0.73913 0.60041 0.40786 0.25051 0.10144 0.03726 0.00621 0.00414 0.00414
0.00414 0.00414 0.00414 0.00828 0.12629 0.37474 0.61076 0.80745 0.86542 0.82608 0.76190 0.65631 0.6294  0.64596 0.69358 0.75776 0.80952 0.83643 0.77432 0.59420 0.42236 0.29606 0.13457 0.05383 0.01449 0.00621 0.00621 0.00414
0.00414 0.00414 0.00414 0.00621 0.08695 0.26708 0.50724 0.71635 0.85093 0.90062 0.90269 0.89648 0.85714 0.83436 0.84679 0.87577 0.86128 0.76190 0.59627 0.43271 0.27743 0.13457 0.06625 0.02070 0.00828 0.00621 0.00621 0.00414
0.00414 0.00414 0.00414 0.00621 0.04968 0.17184 0.34161 0.54658 0.70600 0.83022 0.89855 0.91925 0.91718 0.90062 0.87163 0.81780 0.67287 0.53416 0.36853 0.23395 0.14078 0.06832 0.02277 0.00828 0.00414 0.00621 0.00621 0.00414
0.00414 0.00414 0.00414 0.00414 0.01035 0.06418 0.15113 0.28985 0.45962 0.61076 0.73291 0.77018 0.76811 0.73913 0.65838 0.53416 0.39751 0.24637 0.15113 0.08902 0.03726 0.01863 0.01035 0.00621 0.00414 0.00414 0.00414 0.00414
0.00414 0.00414 0.00414 0.00414 0.00828 0.00828 0.02070 0.03519 0.07246 0.12422 0.15942 0.19461 0.20496 0.19254 0.17391 0.14285 0.08902 0.05590 0.03105 0.01656 0.00828 0.00828 0.00621 0.00414 0.00414 0.00414 0.00414 0.00414
0.00414 0.00414 0.00414 0.00414 0.00414 0.00414 0.00414 0.00414 0.00414 0.00621 0.00828 0.01035 0.01035 0.01035 0.00828 0.00828 0.00414 0.00414 0.00414 0.00414 0.00414 0.00414 0.00414 0.00414 0.00414 0.00414 0.00414 0.00414
0.00414 0.00414 0.00414 0.00414 0.00414 0.00414 0.00414 0.00414 0.00414 0.00414 0.00414 0.00414 0.00414 0.00414 0.00414 0.00414 0.00414 0.00414 0.00414 0.00414 0.00414 0.00414 0.00414 0.00414 0.00414 0.00414 0.00414 0.00414
0.00414 0.00414 0.00414 0.00414 0.00414 0.00414 0.00414 0.00414 0.00414 0.00414 0.00414 0.00414 0.00414 0.00414 0.00414 0.00414 0.00414 0.00414 0.00414 0.00414 0.00414 0.00414 0.00414 0.00414 0.00414 0.00414 0.00414 0.00414

0.00352 0.00352 0.00352 0.00352 0.00352 0.00352 0.00352 0.00352 0.00352 0.00352 0.00352 0.00352 0.00352 0.00352 0.00352 0.00352 0.00352 0.00352 0.00352 0.00352 0.00352 0.00352 0.00352 0.00352 0.00352 0.00352 0.00352 0.00352
0.00352 0.00352 0.00352 0.00352 0.00352 0.00352 0.00352 0.00352 0.00352 0.00352 0.00352 0.00352 0.00352 0.00352 0.00352 0.00352 0.00352 0.00352 0.00352 0.00352 0.00352 0.00352 0.00352 0.00352 0.00352 0.00352 0.00352 0.00352
0.00352 0.00352 0.00352 0.00352 0.00352 0.00352 0.00352 0.00352 0.00352 0.00352 0.00352 0.00352 0.00352 0.00352 0.00352 0.00352 0.00352 0.00352 0.00352 0.00352 0.00352 0.00352 0.00352 0.00352 0.00352 0.00352 0.00352 0.00352
0.00352 0.00352 0.00352 0.00352 0.00352 0.00352 0.00352 0.00352 0.00352 0.00352 0.00352 0.00529 0.00529 0.01587 0.01410 0.02116 0.01410 0.01234 0.01234 0.00881 0.00705 0.00705 0.00352 0.00352 0.00352 0.00352 0.00352 0.00352
0.00352 0.00352 0.00352 0.00352 0.00529 0.00352 0.00352 0.00529 0.00529 0.00705 0.01940 0.04232 0.09171 0.17636 0.23104 0.25044 0.22927 0.24867 0.25044 0.21340 0.14109 0.06701 0.02821 0.00705 0.00529 0.00352 0.00352 0.00352
0.00352 0.00352 0.00529 0.00529 0.00352 0.00352 0.00705 0.00881 0.00881 0.01058 0.03174 0.07231 0.14638 0.28924 0.38448 0.44444 0.47089 0.46737 0.44444 0.37037 0.21869 0.11111 0.04409 0.01234 0.00705 0.00352 0.00529 0.00352
0.00352 0.00352 0.00352 0.00352 0.00352 0.00352 0.00705 0.00881 0.01234 0.01234 0.03880 0.07760 0.16225 0.31393 0.46384 0.52733 0.57319 0.54850 0.48853 0.38624 0.22045 0.10582 0.03527 0.01058 0.00705 0.00352 0.00352 0.00352
0.00352 0.00352 0.00352 0.00529 0.00529 0.00529 0.00881 0.01058 0.01234 0.01410 0.03174 0.07583 0.17460 0.34215 0.51322 0.62257 0.65432 0.59435 0.49382 0.35097 0.17636 0.06878 0.02292 0.00881 0.00352 0.00352 0.00352 0.00352
0.00352 0.00352 0.00352 0.00529 0.00529 0.00352 0.00529 0.00881 0.01234 0.01410 0.02645 0.07760 0.18518 0.36331 0.57672 0.72310 0.73897 0.59082 0.47442 0.27866 0.10582 0.03880 0.01587 0.00352 0.00352 0.00352 0.00352 0.00352
0.00352 0.00529 0.00352 0.00529 0.00352 0.00352 0.00529 0.00705 0.01058 0.01587 0.02469 0.07407 0.18342 0.40388 0.66490 0.83950 0.76366 0.57672 0.39506 0.20811 0.05996 0.01234 0.00529 0.00352 0.00352 0.00352 0.00352 0.00352
0.00352 0.00529 0.00352 0.00352 0.00352 0.00352 0.00529 0.00529 0.01058 0.01763 0.02116 0.06525 0.19047 0.46560 0.79717 0.92239 0.77601 0.53086 0.31216 0.11640 0.02469 0.00705 0.00352 0.00352 0.00352 0.00529 0.00352 0.00352
0.00352 0.00352 0.00352 0.00352 0.00352 0.00352 0.00529 0.01058 0.01234 0.01410 0.02116 0.04585 0.20282 0.58201 0.90828 0.95061 0.76190 0.46560 0.20282 0.04056 0.00705 0.00529 0.00352 0.00352 0.00352 0.00529 0.00352 0.00352
0.00352 0.00352 0.00352 0.00352 0.00352 0.00352 0.00881 0.00881 0.01058 0.01410 0.01587 0.03880 0.24515 0.73192 0.97707 0.96296 0.74603 0.36860 0.10229 0.01763 0.00352 0.00529 0.00352 0.00352 0.00352 0.00352 0.00352 0.00352
0.00352 0.00352 0.00352 0.00352 0.00352 0.00529 0.00705 0.00705 0.00881 0.01234 0.01234 0.05114 0.36155 0.89065 0.98765 0.96472 0.68606 0.23633 0.04409 0.00529 0.00352 0.00352 0.00352 0.00352 0.00352 0.00352 0.00352 0.00352
0.00352 0.00352 0.00352 0.00352 0.00352 0.00705 0.00529 0.00352 0.00529 0.00881 0.02116 0.10758 0.51675 0.95238 0.99294 0.94179 0.50617 0.11463 0.01763 0.00529 0.00529 0.00529 0.00352 0.00352 0.00352 0.00529 0.00529 0.00352
0.00352 0.00352 0.00352 0.00352 0.00352 0.00352 0.00352 0.00705 0.00705 0.00881 0.03174 0.21693 0.65784 0.95767 0.99294 0.89065 0.36507 0.06525 0.01410 0.00529 0.00529 0.00529 0.00352 0.00352 0.00352 0.00352 0.00352 0.00352
0.00352 0.00352 0.00352 0.00352 0.00529 0.00529 0.00705 0.00705 0.00705 0.01587 0.09523 0.35626 0.71781 0.95767 0.97530 0.77248 0.25573 0.04409 0.01058 0.01058 0.00352 0.00352 0.00352 0.00352 0.00352 0.00352 0.00352 0.00352
0.00352 0.00352 0.00352 0.00352 0.00529 0.00705 0.00705 0.00705 0.01410 0.05291 0.22222 0.46737 0.74426 0.94885 0.90299 0.56437 0.21340 0.04056 0.01587 0.01410 0.00529 0.00352 0.00352 0.00352 0.00352 0.00352 0.00529 0.00352
0.00352 0.00352 0.00352 0.00352 0.00352 0.00352 0.00705 0.01058 0.02998 0.12345 0.32098 0.54321 0.76719 0.91005 0.79717 0.44268 0.20634 0.05820 0.02292 0.01940 0.01234 0.00881 0.00529 0.00529 0.00529 0.00352 0.00529 0.00705
0.00352 0.00352 0.00352 0.00352 0.00352 0.00529 0.00529 0.01940 0.07936 0.23104 0.40388 0.59259 0.75132 0.82892 0.64903 0.40211 0.20634 0.05467 0.03174 0.02116 0.01763 0.01234 0.00705 0.00705 0.00705 0.00529 0.00352 0.00705
0.00352 0.00352 0.00352 0.00529 0.00529 0.00705 0.01940 0.05643 0.15873 0.31569 0.46913 0.59964 0.71428 0.71252 0.55026 0.37213 0.22045 0.06878 0.03350 0.02292 0.01587 0.01587 0.00881 0.00705 0.00881 0.00881 0.00352 0.00352
0.00352 0.00352 0.00352 0.00529 0.00529 0.00705 0.03350 0.08818 0.22222 0.37566 0.49559 0.59788 0.65255 0.61728 0.47442 0.35097 0.22927 0.09347 0.03880 0.01763 0.01587 0.01058 0.00705 0.00529 0.00705 0.00529 0.00529 0.00352
0.00352 0.00352 0.00352 0.00529 0.00529 0.01234 0.03527 0.12522 0.26807 0.40035 0.49911 0.54497 0.56437 0.52557 0.45502 0.34038 0.21693 0.09523 0.04232 0.01763 0.01234 0.00705 0.00529 0.00529 0.00529 0.00529 0.00352 0.00352
0.00352 0.00352 0.00352 0.00352 0.00529 0.01587 0.03527 0.11111 0.24515 0.37566 0.44444 0.43739 0.43915 0.43209 0.40211 0.28924 0.18518 0.08994 0.03527 0.01587 0.01058 0.00529 0.00352 0.00352 0.00352 0.00352 0.00352 0.00352
0.00352 0.00352 0.00352 0.00352 0.00352 0.00705 0.01410 0.03350 0.07407 0.11640 0.14462 0.14285 0.13580 0.13933 0.13403 0.09700 0.05467 0.02998 0.01234 0.00705 0.00529 0.00352 0.00352 0.00352 0.00352 0.00352 0.00352 0.00352
0.00352 0.00352 0.00352 0.00352 0.00352 0.00352 0.00352 0.00352 0.00529 0.00881 0.00881 0.00705 0.00529 0.00881 0.00881 0.00529 0.00352 0.00352 0.00352 0.00352 0.00352 0.00352 0.00352 0.00352 0.00352 0.00352 0.00352 0.00352
0.00352 0.00352 0.00352 0.00352 0.00352 0.00352 0.00352 0.00352 0.00352 0.00352 0.00352 0.00352 0.00352 0.00352 0.00352 0.00352 0.00352 0.00352 0.00352 0.00352 0.00352 0.00352 0.00352 0.00352 0.00352 0.00352 0.00352 0.00352
0.00352 0.00352 0.00352 0.00352 0.00352 0.00352 0.00352 0.00352 0.00352 0.00352 0.00352 0.00352 0.00352 0.00352 0.00352 0.00352 0.00352 0.00352 0.00352 0.00352 0.00352 0.00352 0.00352 0.00352 0.00352 0.00352 0.00352 0.00352

0.00406 0.00406 0.00406 0.00406 0.00406 0.00406 0.00406 0.00406 0.00406 0.00406 0.00406 0.00406 0.00406 0.00406 0.00406 0.00406 0.00406 0.00406 0.00406 0.00406 0.00406 0.00406 0.00406 0.00406 0.00406 0.00406 0.00406 0.00406
0.00406 0.00406 0.00406 0.00406 0.00406 0.00406 0.00406 0.00406 0.00406 0.00406 0.00406 0.00406 0.00406 0.00406 0.00406 0.00813 0.00813 0.00609 0.00406 0.00406 0.00406 0.00406 0.00406 0.00406 0.00406 0.00406 0.00406 0.00406
0.00406 0.00406 0.00406 0.00406 0.00406 0.00406 0.00406 0.00609 0.00609 0.00813 0.01016 0.01219 0.02439 0.02642 0.02642 0.02642 0.02235 0.02439 0.01422 0.01016 0.00406 0.00406 0.00406 0.00609 0.00609 0.00406 0.00406 0.00406
0.00406 0.00406 0.00406 0.00406 0.00406 0.00609 0.01422 0.02642 0.04471 0.07926 0.11178 0.16463 0.20731 0.24187 0.26422 0.27845 0.22764 0.18089 0.12601 0.08130 0.04268 0.02235 0.01016 0.00609 0.00609 0.00406 0.00406 0.00406
0.00406 0.00406 0.00406 0.00406 0.00406 0.02032 0.04268 0.06707 0.12601 0.21748 0.28861 0.38617 0.48170 0.55487 0.59146 0.58943 0.55691 0.47561 0.34959 0.23170 0.13821 0.08739 0.03455 0.00609 0.00609 0.00609 0.00406 0.00406
0.00406 0.00406 0.00406 0.00406 0.01016 0.03861 0.07317 0.13821 0.23780 0.33739 0.45731 0.56910 0.65853 0.73374 0.76219 0.77845 0.73577 0.67682 0.55081 0.40040 0.27439 0.16463 0.07926 0.02235 0.00609 0.00609 0.00406 0.00406
0.00406 0.00406 0.00406 0.00609 0.01422 0.04878 0.09756 0.18292 0.30894 0.43699 0.55081 0.64227 0.69918 0.73374 0.76422 0.76626 0.77032 0.74796 0.66056 0.52032 0.35365 0.24187 0.12195 0.03455 0.00609 0.00406 0.00406 0.00406
0.00406 0.00406 0.00609 0.00813 0.02845 0.06910 0.12804 0.20935 0.32723 0.43902 0.54268 0.60365 0.63617 0.62804 0.59349 0.63008 0.66260 0.71138 0.65243 0.55487 0.43292 0.27032 0.15650 0.05487 0.00609 0.00406 0.00406 0.00406
0.00406 0.00406 0.00609 0.00813 0.03048 0.07520 0.11178 0.20122 0.28048 0.37195 0.42682 0.43902 0.43495 0.43292 0.42682 0.46341 0.53861 0.63617 0.64837 0.59349 0.46951 0.30894 0.17073 0.05691 0.00406 0.00406 0.00406 0.00406
0.00406 0.00406 0.00609 0.00813 0.03048 0.07113 0.11178 0.15853 0.19715 0.25203 0.29674 0.30487 0.30691 0.28455 0.29674 0.36382 0.48577 0.59959 0.63617 0.59146 0.47357 0.29674 0.17682 0.05691 0.01016 0.00406 0.00406 0.00406
0.00406 0.00406 0.00406 0.00406 0.01626 0.04471 0.07926 0.09756 0.13211 0.16260 0.17073 0.17682 0.16260 0.14227 0.22764 0.32317 0.46748 0.59349 0.62601 0.58130 0.47357 0.28455 0.16666 0.05284 0.01016 0.00609 0.00406 0.00406
0.00406 0.00406 0.00406 0.00406 0.01829 0.03455 0.04065 0.05691 0.06707 0.08130 0.09552 0.09959 0.10569 0.12804 0.22561 0.35365 0.5     0.60569 0.64634 0.56707 0.44105 0.27032 0.14227 0.03658 0.01626 0.01016 0.00406 0.00406
0.00406 0.00406 0.00406 0.00609 0.01016 0.01829 0.02845 0.03861 0.05284 0.06707 0.08739 0.08739 0.11382 0.19308 0.30081 0.42682 0.56097 0.64634 0.63821 0.54065 0.39024 0.22967 0.11788 0.03658 0.02032 0.01422 0.00609 0.00406
0.00406 0.00406 0.00406 0.00609 0.00813 0.02032 0.03048 0.05284 0.08333 0.10975 0.13617 0.19512 0.24796 0.32926 0.43292 0.54878 0.65243 0.68699 0.62398 0.50406 0.32723 0.18902 0.09146 0.04268 0.02439 0.01219 0.00609 0.00406
0.00406 0.00406 0.00406 0.00609 0.01829 0.03658 0.06097 0.12195 0.20731 0.29268 0.33536 0.41463 0.50203 0.58739 0.63414 0.70325 0.71748 0.69105 0.57926 0.45528 0.27439 0.17276 0.08739 0.05894 0.03658 0.01016 0.00609 0.00406
0.00406 0.00406 0.00406 0.00813 0.02439 0.08739 0.16869 0.29065 0.39227 0.46748 0.54674 0.63414 0.71341 0.77845 0.78658 0.78252 0.73577 0.67276 0.55691 0.42276 0.29674 0.19105 0.13008 0.08943 0.05894 0.02235 0.01016 0.00406
0.00406 0.00406 0.00406 0.02032 0.06097 0.17073 0.29878 0.43495 0.54268 0.62601 0.68292 0.77642 0.83130 0.84552 0.84959 0.80487 0.74593 0.65650 0.55284 0.44715 0.32926 0.25609 0.20731 0.14430 0.09959 0.04674 0.01219 0.00406
0.00406 0.00406 0.00406 0.03048 0.11585 0.27032 0.43089 0.54674 0.62195 0.67479 0.73374 0.76626 0.80894 0.83943 0.81910 0.78048 0.74796 0.66260 0.61382 0.50203 0.42276 0.36585 0.29471 0.21341 0.15447 0.07113 0.01626 0.00609
0.00406 0.00406 0.00406 0.05081 0.15853 0.33943 0.50203 0.61382 0.67276 0.71544 0.73780 0.75813 0.81097 0.81707 0.79065 0.76626 0.71341 0.67479 0.60975 0.56910 0.49390 0.41056 0.35975 0.27642 0.17479 0.07113 0.01422 0.00609
0.00406 0.00406 0.00609 0.05691 0.20122 0.36991 0.54878 0.64024 0.69512 0.75203 0.77235 0.82520 0.81300 0.79878 0.78455 0.69918 0.66463 0.61788 0.59756 0.56300 0.50813 0.45935 0.35162 0.25203 0.17073 0.05894 0.01016 0.00406
0.00406 0.00406 0.00609 0.06097 0.19715 0.36788 0.52845 0.64430 0.74390 0.78455 0.81910 0.82926 0.80081 0.73780 0.64837 0.58333 0.56504 0.55894 0.54065 0.52845 0.5     0.40447 0.31707 0.22967 0.13617 0.04674 0.00813 0.00406
0.00406 0.00406 0.00609 0.04674 0.15853 0.30081 0.44512 0.57520 0.65650 0.74187 0.75203 0.72357 0.65243 0.57520 0.47561 0.41260 0.39430 0.40650 0.40650 0.42276 0.38414 0.32723 0.22764 0.15447 0.08739 0.03048 0.00813 0.00406
0.00406 0.00406 0.00406 0.02032 0.07520 0.18902 0.29471 0.42276 0.49796 0.55691 0.56300 0.52439 0.44512 0.35975 0.29471 0.26016 0.24187 0.25203 0.25813 0.24390 0.22764 0.18902 0.13414 0.07723 0.05081 0.02032 0.00813 0.00406
0.00406 0.00406 0.00406 0.01016 0.03048 0.06707 0.11382 0.15853 0.18699 0.20935 0.21341 0.19918 0.17073 0.13211 0.10569 0.10569 0.10772 0.10772 0.11178 0.09146 0.08333 0.06504 0.04674 0.02642 0.01219 0.00813 0.00609 0.00406
0.00406 0.00406 0.00406 0.00609 0.01016 0.01219 0.02439 0.03048 0.02642 0.02439 0.03048 0.02845 0.02845 0.02642 0.02642 0.02642 0.02642 0.02235 0.02032 0.02439 0.02032 0.01626 0.01219 0.01016 0.00406 0.00406 0.00406 0.00406
0.00406 0.00406 0.00406 0.00406 0.00406 0.00406 0.00406 0.00406 0.00406 0.00406 0.00406 0.00406 0.00406 0.00406 0.00406 0.00406 0.00406 0.00609 0.00609 0.00609 0.00609 0.00406 0.00406 0.00406 0.00406 0.00406 0.00406 0.00406
0.00406 0.00406 0.00406 0.00406 0.00406 0.00406 0.00406 0.00406 0.00406 0.00406 0.00406 0.00406 0.00406 0.00406 0.00406 0.00406 0.00406 0.00406 0.00406 0.00406 0.00406 0.00406 0.00406 0.00406 0.00406 0.00406 0.00406 0.00406
0.00406 0.00406 0.00406 0.00406 0.00406 0.00406 0.00406 0.00406 0.00406 0.00406 0.00406 0.00406 0.00406 0.00406 0.00406 0.00406 0.00406 0.00406 0.00406 0.00406 0.00406 0.00406 0.00406 0.00406 0.00406 0.00406 0.00406 0.00406

0.00402 0.00402 0.00402 0.00402 0.00402 0.00402 0.00402 0.00402 0.00402 0.00402 0.00402 0.00402 0.00402 0.00402 0.00402 0.00402 0.00402 0.00402 0.00402 0.00402 0.00402 0.00402 0.00402 0.00402 0.00402 0.00402 0.00402 0.00402
0.00402 0.00402 0.00402 0.00402 0.00402 0.00402 0.00402 0.00402 0.00402 0.00402 0.00402 0.00402 0.00402 0.00402 0.00402 0.00402 0.00402 0.00402 0.00402 0.00402 0.00402 0.00402 0.00402 0.00402 0.00402 0.00402 0.00402 0.00402
0.00402 0.00402 0.00402 0.00402 0.00402 0.00402 0.00402 0.00402 0.00402 0.00402 0.00402 0.00402 0.00402 0.00402 0.00402 0.00402 0.00402 0.00402 0.00402 0.00402 0.00402 0.00402 0.00402 0.00402 0.00402 0.00402 0.00402 0.00402
0.00402 0.00402 0.00402 0.00402 0.00402 0.00603 0.00603 0.00603 0.00804 0.01207 0.01408 0.02414 0.03018 0.03621 0.03621 0.03621 0.03420 0.03018 0.01810 0.01609 0.00804 0.00603 0.00402 0.00402 0.00402 0.00402 0.00402 0.00402
0.00402 0.00402 0.00402 0.00603 0.00804 0.01810 0.02615 0.05835 0.08651 0.12877 0.21328 0.28772 0.35010 0.39235 0.41247 0.40643 0.36016 0.29979 0.22132 0.15493 0.07444 0.03621 0.01207 0.00804 0.00402 0.00402 0.00402 0.00402
0.00402 0.00402 0.00402 0.01207 0.02816 0.05835 0.09054 0.16096 0.25553 0.37625 0.51710 0.62575 0.70221 0.75855 0.78470 0.77464 0.72032 0.60965 0.49295 0.37827 0.23541 0.12273 0.04627 0.01408 0.00402 0.00402 0.00402 0.00402
0.00402 0.00402 0.00402 0.02414 0.04828 0.08853 0.18712 0.28169 0.40845 0.53923 0.70221 0.78269 0.83501 0.87927 0.89939 0.90140 0.88933 0.79275 0.64989 0.52112 0.37022 0.21126 0.10865 0.02816 0.00402 0.00402 0.00402 0.00402
0.00402 0.00603 0.00402 0.02615 0.06237 0.11267 0.20724 0.30382 0.44668 0.55935 0.63380 0.69818 0.71428 0.72233 0.76056 0.80281 0.78873 0.79678 0.73239 0.61971 0.45070 0.25553 0.12676 0.05030 0.00402 0.00402 0.00402 0.00402
0.00402 0.00402 0.00402 0.03018 0.06841 0.10261 0.17706 0.24346 0.33802 0.41046 0.44869 0.44064 0.43460 0.43662 0.47283 0.58350 0.67806 0.71831 0.70221 0.62575 0.45875 0.25352 0.12273 0.04828 0.00402 0.00402 0.00402 0.00402
0.00402 0.00402 0.00603 0.02012 0.04024 0.07645 0.13480 0.16499 0.20724 0.2334  0.24748 0.25150 0.28571 0.32394 0.40241 0.53923 0.67806 0.75653 0.72032 0.58350 0.41247 0.22535 0.09657 0.03219 0.00402 0.00402 0.00402 0.00402
0.00402 0.00402 0.00603 0.01006 0.01810 0.04225 0.06841 0.08048 0.11267 0.14486 0.17706 0.21126 0.28571 0.39034 0.52313 0.67404 0.79678 0.78470 0.68209 0.49295 0.32193 0.15493 0.07042 0.02213 0.00402 0.00402 0.00402 0.00402
0.00402 0.00402 0.00402 0.00603 0.01207 0.02012 0.03420 0.05030 0.08651 0.15291 0.24144 0.36217 0.49899 0.62575 0.76257 0.83702 0.86519 0.76861 0.58752 0.38631 0.22937 0.09456 0.03018 0.01207 0.00402 0.00402 0.00402 0.00402
0.00402 0.00402 0.00402 0.00402 0.00804 0.01207 0.02414 0.04828 0.1167  0.22736 0.37625 0.56136 0.72032 0.80684 0.88732 0.89939 0.85311 0.71831 0.51911 0.31790 0.16700 0.06036 0.02414 0.01006 0.00402 0.00402 0.00402 0.00402
0.00402 0.00402 0.00402 0.00603 0.00804 0.01006 0.02414 0.07847 0.16700 0.31790 0.51911 0.70623 0.81488 0.88531 0.89738 0.8833  0.83299 0.76257 0.54728 0.35613 0.17907 0.07847 0.02213 0.00804 0.00402 0.00402 0.00402 0.00402
0.00402 0.00402 0.00402 0.00402 0.01006 0.01408 0.03219 0.07645 0.18712 0.35010 0.50301 0.67002 0.74647 0.78672 0.79275 0.80885 0.79678 0.77464 0.64386 0.44466 0.27364 0.11871 0.05432 0.01207 0.00603 0.00402 0.00402 0.00402
0.00402 0.00402 0.00402 0.00603 0.01006 0.01810 0.03420 0.07243 0.15493 0.26961 0.38229 0.48692 0.53521 0.55734 0.57746 0.61167 0.71227 0.75251 0.72032 0.59154 0.35412 0.19315 0.07042 0.02615 0.00603 0.00402 0.00603 0.00402
0.00402 0.00402 0.01006 0.01810 0.02414 0.04828 0.04828 0.07042 0.10462 0.15895 0.22132 0.2334  0.25352 0.27364 0.32193 0.40241 0.55935 0.71026 0.74446 0.64587 0.43058 0.25150 0.10462 0.03219 0.00603 0.00402 0.00402 0.00402
0.00402 0.00402 0.01207 0.03822 0.07645 0.09859 0.09657 0.09657 0.10664 0.10462 0.08853 0.09456 0.10261 0.1167  0.18309 0.33601 0.49094 0.64185 0.73440 0.67404 0.45674 0.26156 0.13682 0.04627 0.00603 0.00402 0.00402 0.00402
0.00402 0.00402 0.01207 0.05633 0.13480 0.17706 0.21328 0.21328 0.16700 0.11066 0.09054 0.07847 0.07042 0.10261 0.18309 0.33199 0.51307 0.62173 0.70221 0.65996 0.44869 0.27364 0.15090 0.04627 0.00603 0.00402 0.00402 0.00402
0.00402 0.00402 0.01810 0.08048 0.20925 0.28370 0.35613 0.35211 0.28571 0.20321 0.15694 0.12676 0.13682 0.19718 0.29979 0.45875 0.60563 0.69014 0.70824 0.61368 0.43058 0.25553 0.13682 0.04024 0.00603 0.00402 0.00402 0.00402
0.00402 0.00402 0.02012 0.10462 0.23138 0.36217 0.46478 0.50301 0.49094 0.42253 0.37625 0.35211 0.37625 0.46277 0.57947 0.67605 0.75251 0.7666  0.68611 0.51710 0.37625 0.22334 0.11066 0.03621 0.00603 0.00402 0.00402 0.00402
0.00402 0.00402 0.02012 0.08450 0.21126 0.33400 0.51509 0.59959 0.65392 0.65996 0.67002 0.65392 0.67806 0.72434 0.78672 0.83501 0.81287 0.73843 0.57142 0.42052 0.28772 0.16499 0.06639 0.02012 0.00402 0.00402 0.00402 0.00402
0.00402 0.00402 0.01609 0.06036 0.14688 0.27163 0.43863 0.56740 0.68611 0.75855 0.81086 0.84909 0.87726 0.88128 0.87726 0.83299 0.72434 0.57746 0.41046 0.28571 0.16297 0.08651 0.03822 0.01006 0.00402 0.00402 0.00402 0.00402
0.00402 0.00402 0.00804 0.03621 0.09456 0.15694 0.29175 0.42454 0.56740 0.70422 0.76861 0.81488 0.83098 0.81891 0.73641 0.61770 0.49899 0.35010 0.22334 0.14486 0.06841 0.02816 0.01006 0.00603 0.00402 0.00402 0.00402 0.00402
0.00402 0.00402 0.00402 0.01609 0.03822 0.06639 0.10865 0.18309 0.22937 0.27766 0.32595 0.36418 0.38028 0.35613 0.29175 0.24346 0.16297 0.10462 0.05432 0.02816 0.01810 0.01207 0.00804 0.00603 0.00402 0.00402 0.00402 0.00402
0.00402 0.00402 0.00402 0.00603 0.01006 0.01006 0.02213 0.03621 0.04426 0.05231 0.04828 0.05835 0.05633 0.05835 0.04225 0.02213 0.01609 0.01207 0.01408 0.00804 0.00804 0.00603 0.00603 0.00402 0.00402 0.00402 0.00402 0.00402
0.00402 0.00402 0.00402 0.00402 0.00402 0.00402 0.00402 0.00402 0.00402 0.00402 0.00603 0.00603 0.00804 0.00804 0.00804 0.00804 0.00603 0.00603 0.00603 0.00603 0.00603 0.00603 0.00402 0.00402 0.00402 0.00402 0.00402 0.00402
0.00402 0.00402 0.00402 0.00402 0.00402 0.00402 0.00402 0.00402 0.00402 0.00402 0.00402 0.00402 0.00402 0.00402 0.00402 0.00402 0.00402 0.00402 0.00402 0.00402 0.00402 0.00402 0.00402 0.00402 0.00402 0.00402 0.00402 0.00402

0.00371 0.00371 0.00371 0.00371 0.00371 0.00371 0.00371 0.00371 0.00371 0.00371 0.00371 0.00371 0.00371 0.00371 0.00371 0.00371 0.00371 0.00371 0.00371 0.00371 0.00371 0.00371 0.00371 0.00371 0.00371 0.00371 0.00371 0.00371
0.00371 0.00371 0.00371 0.00371 0.00371 0.00371 0.00371 0.00371 0.00371 0.00371 0.00371 0.00371 0.00371 0.00371 0.00371 0.00371 0.00371 0.00371 0.00371 0.00371 0.00371 0.00371 0.00371 0.00371 0.00371 0.00371 0.00371 0.00371
0.00371 0.00371 0.00371 0.00371 0.00371 0.00371 0.00371 0.00371 0.00371 0.00371 0.00371 0.00371 0.00371 0.00371 0.00371 0.00556 0.00556 0.00556 0.00371 0.00371 0.00371 0.00371 0.00371 0.00371 0.00371 0.00371 0.00371 0.00371
0.00371 0.00371 0.00371 0.00371 0.00371 0.00371 0.00371 0.00371 0.00371 0.00371 0.00371 0.00556 0.00556 0.00556 0.00556 0.00742 0.00742 0.00742 0.00742 0.00742 0.01298 0.01113 0.00927 0.00371 0.00371 0.00371 0.00371 0.00371
0.00371 0.00371 0.00371 0.00371 0.00742 0.00927 0.00927 0.01669 0.02226 0.02411 0.02597 0.02597 0.03339 0.02968 0.02411 0.03153 0.03896 0.05936 0.06679 0.07977 0.09090 0.05936 0.05009 0.02411 0.01484 0.00371 0.00371 0.00371
0.00371 0.00371 0.00371 0.00371 0.00927 0.01669 0.03710 0.05751 0.07421 0.10389 0.12801 0.13172 0.13729 0.12059 0.09090 0.08534 0.13729 0.17068 0.22263 0.24489 0.25046 0.19666 0.17439 0.11873 0.07421 0.01113 0.00371 0.00371
0.00371 0.00371 0.00371 0.00742 0.01669 0.03710 0.06122 0.09461 0.15027 0.20593 0.24304 0.26901 0.27458 0.21892 0.15584 0.14656 0.19666 0.27272 0.35436 0.40074 0.38961 0.32096 0.25417 0.16512 0.09461 0.02597 0.00556 0.00371
0.00371 0.00371 0.00371 0.00927 0.02782 0.04638 0.09090 0.14100 0.22634 0.32282 0.38404 0.39888 0.38218 0.30055 0.21335 0.19109 0.25603 0.35436 0.45454 0.50834 0.44898 0.38033 0.27087 0.14842 0.08348 0.02782 0.00927 0.00371
0.00371 0.00371 0.00371 0.01113 0.02968 0.06122 0.10760 0.19109 0.28385 0.40259 0.48794 0.49536 0.46011 0.33580 0.22263 0.20593 0.28757 0.41929 0.54731 0.57328 0.50649 0.39517 0.23747 0.14656 0.05936 0.01669 0.00742 0.00371
0.00371 0.00371 0.00371 0.01298 0.03525 0.07050 0.12801 0.23191 0.35621 0.49536 0.56215 0.55844 0.48423 0.32096 0.20779 0.20037 0.31910 0.51205 0.62152 0.64192 0.52875 0.34879 0.20779 0.10760 0.02968 0.01669 0.00556 0.00371
0.00371 0.00371 0.00371 0.01298 0.03339 0.07977 0.16141 0.28014 0.45269 0.59369 0.66419 0.59369 0.43784 0.25788 0.13358 0.19480 0.37662 0.59369 0.70500 0.67903 0.50649 0.29684 0.15955 0.06307 0.01669 0.00742 0.00371 0.00371
0.00371 0.00371 0.00556 0.01669 0.04452 0.09090 0.19109 0.39517 0.56215 0.71614 0.70872 0.54359 0.37847 0.18181 0.11688 0.22449 0.47680 0.69202 0.78107 0.67161 0.46938 0.24118 0.11873 0.04267 0.01484 0.00371 0.00371 0.00371
0.00371 0.00556 0.00556 0.01484 0.04823 0.12059 0.25603 0.48423 0.66048 0.78664 0.70129 0.50092 0.30241 0.16697 0.17625 0.30055 0.60296 0.78478 0.82189 0.65862 0.42857 0.20408 0.09833 0.04081 0.01855 0.00556 0.00371 0.00371
0.00371 0.00556 0.00556 0.01298 0.05009 0.14471 0.35064 0.57699 0.76252 0.84972 0.71985 0.53803 0.34137 0.30797 0.33395 0.50092 0.75695 0.87198 0.84786 0.66048 0.43413 0.23191 0.12430 0.06307 0.02782 0.00556 0.00371 0.00371
0.00371 0.00556 0.00556 0.01855 0.05936 0.20408 0.43599 0.64378 0.80334 0.86827 0.82560 0.70315 0.59554 0.56586 0.57142 0.72356 0.89239 0.92578 0.84786 0.65491 0.44898 0.26159 0.16883 0.07606 0.03525 0.00556 0.00371 0.00371
0.00371 0.00371 0.00556 0.01855 0.05751 0.22263 0.46011 0.66975 0.79035 0.84972 0.86641 0.84972 0.81818 0.80148 0.82745 0.87198 0.93877 0.93692 0.81818 0.63450 0.40074 0.25046 0.15213 0.06679 0.02597 0.00556 0.00556 0.00371
0.00371 0.00371 0.00371 0.01484 0.05751 0.21150 0.42115 0.58441 0.70686 0.77365 0.80705 0.81818 0.79777 0.81261 0.84230 0.89239 0.94434 0.90167 0.75695 0.54174 0.32653 0.20037 0.10389 0.05194 0.02411 0.00556 0.00556 0.00371
0.00371 0.00371 0.00371 0.00556 0.02782 0.15027 0.27829 0.40445 0.49350 0.53988 0.55287 0.58070 0.57885 0.64378 0.72356 0.81261 0.86270 0.78293 0.59740 0.38775 0.23933 0.13914 0.06122 0.02782 0.01855 0.00742 0.00556 0.00371
0.00371 0.00371 0.00371 0.00371 0.01484 0.07421 0.13729 0.20779 0.24304 0.26716 0.28385 0.30612 0.37476 0.49165 0.6141  0.73098 0.72356 0.62894 0.39888 0.27087 0.15584 0.08905 0.04081 0.01484 0.00556 0.00371 0.00556 0.00371
0.00371 0.00371 0.00371 0.00371 0.00556 0.02968 0.06493 0.07235 0.07792 0.09090 0.10760 0.15955 0.29499 0.42115 0.55287 0.62708 0.61966 0.51020 0.33580 0.22634 0.12616 0.07235 0.03339 0.01113 0.00556 0.00371 0.00371 0.00371
0.00371 0.00371 0.00371 0.00371 0.00556 0.01298 0.02411 0.02968 0.04081 0.05194 0.08534 0.18367 0.28942 0.42857 0.51948 0.53988 0.53988 0.42857 0.30055 0.21150 0.12430 0.07235 0.03710 0.01298 0.00556 0.00371 0.00371 0.00371
0.00371 0.00371 0.00371 0.00371 0.00371 0.00371 0.00742 0.01298 0.02597 0.04452 0.10946 0.20593 0.31910 0.41744 0.46011 0.46382 0.47309 0.36549 0.27272 0.21706 0.12987 0.07792 0.04081 0.01855 0.00742 0.00556 0.00371 0.00371
0.00371 0.00371 0.00371 0.00371 0.00371 0.00556 0.00556 0.01855 0.02782 0.06864 0.15027 0.23376 0.33580 0.39703 0.41372 0.41372 0.40445 0.35250 0.26716 0.21706 0.12616 0.07606 0.04267 0.02040 0.00927 0.00556 0.00371 0.00371
0.00371 0.00371 0.00371 0.00371 0.00371 0.00556 0.01113 0.01669 0.04081 0.09647 0.15955 0.23933 0.31168 0.36734 0.35807 0.36920 0.34508 0.32467 0.25417 0.18738 0.12616 0.07235 0.03525 0.01855 0.00927 0.00371 0.00371 0.00371
0.00371 0.00371 0.00371 0.00371 0.00371 0.00371 0.00927 0.01298 0.03339 0.08534 0.12987 0.17996 0.21521 0.23191 0.25231 0.24118 0.23005 0.21335 0.16697 0.11873 0.07421 0.03710 0.02226 0.01484 0.00742 0.00371 0.00371 0.00371
0.00371 0.00371 0.00371 0.00371 0.00371 0.00371 0.00371 0.00742 0.01298 0.03339 0.03710 0.03525 0.04081 0.06122 0.08534 0.08719 0.07235 0.04823 0.02968 0.02411 0.02040 0.01113 0.00742 0.00742 0.00556 0.00371 0.00371 0.00371
0.00371 0.00371 0.00371 0.00371 0.00371 0.00371 0.00371 0.00371 0.00556 0.00556 0.00371 0.00371 0.00371 0.00556 0.00371 0.00556 0.00742 0.00742 0.00742 0.00556 0.00371 0.00371 0.00371 0.00371 0.00371 0.00371 0.00371 0.00371
0.00371 0.00371 0.00371 0.00371 0.00371 0.00371 0.00371 0.00371 0.00371 0.00371 0.00371 0.00371 0.00371 0.00371 0.00371 0.00371 0.00371 0.00371 0.00371 0.00371 0.00371 0.00371 0.00371 0.00371 0.00371 0.00371 0.00371 0.00371

0.00456 0.00456 0.00456 0.00456 0.00456 0.00456 0.00456 0.00456 0.00456 0.00456 0.00456 0.00456 0.00456 0.00456 0.00456 0.00456 0.00456 0.00456 0.00456 0.00456 0.00456 0.00456 0.00456 0.00456 0.00456 0.00456 0.00456 0.00456
0.00456 0.00456 0.00456 0.00456 0.00456 0.00456 0.00456 0.00456 0.00456 0.00456 0.00456 0.00456 0.00456 0.00456 0.00456 0.00456 0.00456 0.00456 0.00456 0.00456 0.00456 0.00456 0.00456 0.00456 0.00456 0.00456 0.00456 0.00456
0.00456 0.00456 0.00456 0.00456 0.00456 0.00456 0.00456 0.00456 0.00456 0.00456 0.00456 0.00456 0.00456 0.00456 0.00456 0.00456 0.00456 0.00456 0.00456 0.00456 0.00456 0.00456 0.00456 0.00456 0.00456 0.00456 0.00456 0.00456
0.00456 0.00456 0.00456 0.00456 0.00456 0.00456 0.00456 0.00456 0.00456 0.00456 0.00456 0.00913 0.01369 0.01826 0.02283 0.02739 0.02511 0.01826 0.01369 0.01826 0.01826 0.02054 0.02054 0.01598 0.01141 0.00456 0.00456 0.00456
0.00456 0.00456 0.00456 0.00456 0.00456 0.00456 0.00456 0.00684 0.01826 0.03196 0.04794 0.07762 0.09132 0.12785 0.14383 0.17351 0.18493 0.19634 0.19406 0.18264 0.17351 0.15981 0.12785 0.10730 0.05707 0.01369 0.00456 0.00456
0.00456 0.00456 0.00456 0.00456 0.00456 0.00456 0.01369 0.04109 0.06849 0.10274 0.15068 0.22146 0.28767 0.34474 0.39497 0.42922 0.44977 0.45890 0.44520 0.44063 0.39726 0.34018 0.27853 0.21461 0.14611 0.05022 0.01141 0.00456
0.00456 0.00456 0.00456 0.00456 0.00456 0.00913 0.03196 0.06164 0.12100 0.18264 0.27397 0.37442 0.42694 0.51598 0.56849 0.59817 0.60958 0.59360 0.59132 0.57762 0.54566 0.47488 0.38127 0.3379  0.26027 0.13242 0.02511 0.00684
0.00456 0.00456 0.00456 0.00456 0.00456 0.01826 0.04109 0.08675 0.16438 0.25799 0.36529 0.47260 0.58219 0.65068 0.67123 0.69634 0.68493 0.6621  0.61643 0.60045 0.57305 0.52054 0.44292 0.40867 0.32420 0.19863 0.04566 0.00684
0.00456 0.00456 0.00456 0.00456 0.00684 0.02283 0.04566 0.11643 0.22146 0.31963 0.43150 0.59360 0.6621  0.70319 0.69863 0.68493 0.63470 0.60274 0.57762 0.53196 0.5     0.45433 0.40867 0.34474 0.28082 0.17808 0.04794 0.00913
0.00456 0.00456 0.00456 0.00456 0.01141 0.02283 0.05479 0.14611 0.26027 0.39726 0.53653 0.64840 0.68264 0.68493 0.61187 0.51598 0.45890 0.43607 0.40639 0.37442 0.31506 0.26712 0.23744 0.21689 0.17579 0.10730 0.02511 0.00684
0.00456 0.00456 0.00456 0.00456 0.01141 0.02054 0.06621 0.17123 0.32648 0.49086 0.66666 0.72374 0.74429 0.67808 0.55707 0.45205 0.35159 0.30137 0.26027 0.19634 0.16895 0.12557 0.08904 0.07077 0.06621 0.03881 0.00913 0.00456
0.00456 0.00456 0.00456 0.00456 0.01598 0.02283 0.09360 0.21232 0.39497 0.58675 0.73972 0.79908 0.74885 0.63470 0.52968 0.42009 0.34931 0.25570 0.18036 0.11872 0.07077 0.04109 0.02511 0.02054 0.02054 0.01369 0.00684 0.00456
0.00456 0.00456 0.00456 0.00456 0.01369 0.02739 0.11872 0.25342 0.46347 0.67351 0.78082 0.81506 0.76027 0.64383 0.54109 0.45433 0.38584 0.31050 0.24200 0.15296 0.09589 0.05251 0.02054 0.02054 0.00684 0.00684 0.00456 0.00456
0.00456 0.00456 0.00456 0.00456 0.01369 0.03652 0.11643 0.26712 0.48401 0.69178 0.78995 0.8379  0.76027 0.70547 0.61415 0.56164 0.48858 0.43379 0.34246 0.24429 0.1621  0.07990 0.03424 0.01141 0.00913 0.00456 0.00456 0.00456
0.00456 0.00456 0.00456 0.00456 0.01141 0.03652 0.11415 0.26255 0.44063 0.62328 0.70776 0.73972 0.71689 0.67351 0.63470 0.58675 0.57077 0.51598 0.44748 0.33333 0.23059 0.13242 0.05022 0.02283 0.01141 0.00456 0.00456 0.00456
0.00456 0.00456 0.00456 0.00913 0.01598 0.04337 0.09817 0.17123 0.31963 0.43379 0.51369 0.53653 0.54109 0.52054 0.52054 0.52511 0.53196 0.54109 0.47945 0.42009 0.28767 0.16438 0.07990 0.03196 0.01141 0.00684 0.00456 0.00456
0.00456 0.00456 0.00456 0.00913 0.03196 0.05479 0.09132 0.13698 0.18949 0.26484 0.31050 0.32876 0.32876 0.36301 0.40182 0.44977 0.5     0.55251 0.52054 0.44063 0.32420 0.20776 0.09817 0.04337 0.01369 0.00684 0.00456 0.00456
0.00456 0.00456 0.00456 0.00913 0.03424 0.09360 0.17123 0.17351 0.1621  0.14611 0.16666 0.16666 0.19178 0.25342 0.32420 0.42465 0.50456 0.54109 0.54109 0.45890 0.35388 0.22602 0.12328 0.05936 0.01141 0.00684 0.00456 0.00456
0.00456 0.00456 0.00684 0.00684 0.04566 0.15981 0.28310 0.30821 0.22831 0.17579 0.13698 0.13013 0.15525 0.24429 0.34246 0.43607 0.54566 0.56621 0.56621 0.45433 0.34703 0.22374 0.12557 0.06392 0.01141 0.00684 0.00456 0.00456
0.00456 0.00456 0.00913 0.01141 0.05251 0.19634 0.39041 0.46803 0.41780 0.35388 0.28995 0.27397 0.30365 0.36986 0.45433 0.52283 0.57534 0.60045 0.57762 0.45205 0.31278 0.21004 0.11415 0.05479 0.01369 0.00684 0.00456 0.00456
0.00456 0.00456 0.00913 0.01141 0.04337 0.19863 0.43835 0.55707 0.57990 0.54337 0.52054 0.48630 0.50456 0.55251 0.57534 0.62328 0.62328 0.60502 0.53653 0.39954 0.27625 0.16895 0.07077 0.04794 0.01826 0.00456 0.00456 0.00456
0.00456 0.00456 0.00456 0.00684 0.03652 0.16666 0.37442 0.55936 0.63470 0.69406 0.70091 0.70091 0.69178 0.68949 0.68264 0.68264 0.64611 0.59589 0.45205 0.33105 0.22374 0.11872 0.05707 0.03424 0.01369 0.00456 0.00456 0.00456
0.00456 0.00456 0.00456 0.00456 0.01826 0.08675 0.25799 0.41095 0.54566 0.67123 0.74429 0.74657 0.73287 0.73287 0.71232 0.65296 0.59360 0.46803 0.35844 0.21917 0.12785 0.06849 0.03881 0.02283 0.00913 0.00456 0.00456 0.00456
0.00456 0.00456 0.00456 0.00456 0.01141 0.02968 0.13470 0.23972 0.35159 0.48630 0.57990 0.63013 0.63698 0.61415 0.58447 0.52054 0.40639 0.30821 0.18949 0.12100 0.06392 0.03881 0.02283 0.01141 0.00684 0.00456 0.00456 0.00456
0.00456 0.00456 0.00456 0.00456 0.00913 0.01141 0.04109 0.07762 0.13698 0.20091 0.25570 0.29680 0.31963 0.31506 0.28995 0.22831 0.16438 0.11872 0.07077 0.03881 0.03424 0.02054 0.01369 0.00684 0.00456 0.00456 0.00456 0.00456
0.00456 0.00456 0.00456 0.00456 0.00456 0.00684 0.01141 0.02511 0.03424 0.05707 0.06392 0.06621 0.06392 0.05707 0.05251 0.03196 0.02739 0.02054 0.01369 0.00684 0.00456 0.00456 0.00456 0.00456 0.00456 0.00456 0.00456 0.00456
0.00456 0.00456 0.00456 0.00456 0.00456 0.00456 0.00684 0.00684 0.00913 0.00913 0.01141 0.01141 0.01369 0.01141 0.00684 0.00684 0.00684 0.00684 0.00684 0.00456 0.00456 0.00456 0.00456 0.00456 0.00456 0.00456 0.00456 0.00456
0.00456 0.00456 0.00456 0.00456 0.00456 0.00456 0.00456 0.00456 0.00456 0.00456 0.00456 0.00456 0.00456 0.00456 0.00456 0.00456 0.00456 0.00456 0.00456 0.00456 0.00456 0.00456 0.00456 0.00456 0.00456 0.00456 0.00456 0.00456

0.00396 0.00396 0.00396 0.00396 0.00396 0.00396 0.00396 0.00396 0.00396 0.00396 0.00396 0.00396 0.00396 0.00396 0.00396 0.00396 0.00396 0.00396 0.00396 0.00396 0.00396 0.00396 0.00396 0.00396 0.00396 0.00396 0.00396 0.00396
0.00396 0.00396 0.00396 0.00396 0.00396 0.00396 0.00396 0.00594 0.00792 0.00792 0.01188 0.00990 0.01188 0.01188 0.01386 0.01782 0.01386 0.01188 0.00990 0.00990 0.00990 0.00792 0.00594 0.00396 0.00396 0.00396 0.00396 0.00396
0.00396 0.00396 0.00396 0.00396 0.00594 0.00396 0.00594 0.00990 0.01188 0.01782 0.03564 0.04554 0.05940 0.10693 0.15247 0.20990 0.26930 0.27128 0.22178 0.15247 0.08712 0.04158 0.01782 0.00594 0.00396 0.00396 0.00396 0.00396
0.00396 0.00396 0.00396 0.00396 0.00396 0.00594 0.00990 0.00990 0.01584 0.03564 0.05742 0.09306 0.13861 0.22178 0.35247 0.47722 0.55049 0.56039 0.45544 0.32673 0.18217 0.07722 0.03564 0.01386 0.00594 0.00396 0.00396 0.00396
0.00396 0.00396 0.00396 0.00396 0.00396 0.00990 0.00990 0.01386 0.02574 0.05544 0.09900 0.15643 0.21782 0.34653 0.50693 0.60594 0.67326 0.63366 0.48712 0.32079 0.18811 0.08712 0.03366 0.02178 0.00792 0.00396 0.00396 0.00396
0.00396 0.00396 0.00396 0.00396 0.00396 0.00990 0.01188 0.01782 0.03366 0.08910 0.13267 0.21782 0.34059 0.48118 0.61188 0.68712 0.66732 0.55049 0.38811 0.25346 0.14059 0.05148 0.02970 0.01980 0.00792 0.00594 0.00594 0.00396
0.00396 0.00396 0.00594 0.00396 0.00396 0.00594 0.01584 0.02772 0.06138 0.11089 0.19009 0.30891 0.45544 0.60396 0.70099 0.68514 0.57821 0.39604 0.25940 0.13861 0.05940 0.03366 0.01782 0.01188 0.00792 0.00594 0.00594 0.00594
0.00396 0.00396 0.00396 0.00396 0.00396 0.00792 0.01584 0.03564 0.07722 0.16435 0.26336 0.40396 0.56831 0.68712 0.70099 0.58811 0.42970 0.26732 0.14257 0.06534 0.02970 0.01782 0.01584 0.00990 0.00792 0.00594 0.00594 0.00594
0.00396 0.00396 0.00396 0.00396 0.00396 0.01188 0.01980 0.04950 0.11683 0.22574 0.35049 0.53465 0.66138 0.71683 0.63762 0.47326 0.29505 0.16435 0.06138 0.03762 0.02178 0.01782 0.01782 0.01386 0.00594 0.00396 0.00594 0.00396
0.00396 0.00396 0.00396 0.00396 0.00396 0.01386 0.03564 0.07920 0.17029 0.29306 0.45544 0.64356 0.70495 0.69306 0.52079 0.34653 0.18415 0.06732 0.03960 0.03366 0.03762 0.03168 0.02178 0.01584 0.00594 0.00396 0.00396 0.00396
0.00396 0.00396 0.00396 0.00396 0.00396 0.01188 0.05742 0.10297 0.22574 0.39207 0.57425 0.71881 0.72079 0.61386 0.41782 0.22772 0.11683 0.07524 0.08514 0.10297 0.10099 0.07326 0.05346 0.03168 0.01386 0.00594 0.00396 0.00396
0.00396 0.00396 0.00396 0.00396 0.00396 0.02574 0.06336 0.13663 0.27722 0.46732 0.66930 0.73861 0.68712 0.53069 0.31881 0.18415 0.16633 0.23168 0.27128 0.27524 0.23366 0.17821 0.10099 0.06732 0.04158 0.00792 0.00396 0.00396
0.00396 0.00396 0.00396 0.00396 0.00594 0.02970 0.08712 0.18019 0.35049 0.57821 0.74059 0.76039 0.63762 0.45148 0.33069 0.32277 0.41782 0.47920 0.49703 0.47128 0.40396 0.29703 0.19405 0.10693 0.06138 0.02178 0.00396 0.00396
0.00396 0.00396 0.00396 0.00396 0.00792 0.03366 0.11287 0.21584 0.45544 0.65742 0.77029 0.75247 0.59009 0.46534 0.45544 0.55643 0.65148 0.67920 0.65346 0.60198 0.53861 0.42772 0.25346 0.15643 0.08514 0.03168 0.00396 0.00396
0.00396 0.00396 0.00396 0.00396 0.00792 0.04356 0.13861 0.28514 0.52871 0.72475 0.79009 0.71485 0.56633 0.55643 0.65940 0.77425 0.81980 0.77425 0.69901 0.63960 0.59207 0.48712 0.31485 0.17425 0.08118 0.02970 0.00396 0.00396
0.00396 0.00396 0.00396 0.00396 0.00594 0.04158 0.15841 0.33861 0.59405 0.76039 0.79009 0.69306 0.60792 0.65544 0.73267 0.79405 0.75445 0.70693 0.67524 0.65346 0.61782 0.53267 0.33465 0.19802 0.08712 0.02574 0.00396 0.00396
0.00396 0.00396 0.00396 0.00396 0.00594 0.05148 0.16039 0.35049 0.63168 0.79207 0.81980 0.72079 0.65544 0.71485 0.74653 0.70891 0.63366 0.60792 0.63366 0.69703 0.66534 0.51881 0.32475 0.17029 0.08316 0.02772 0.00396 0.00396
0.00396 0.00396 0.00396 0.00396 0.00594 0.04356 0.15841 0.37029 0.63168 0.80198 0.85148 0.76633 0.72475 0.71287 0.67128 0.57425 0.56633 0.60198 0.70891 0.75841 0.66336 0.50495 0.27722 0.12871 0.06930 0.02178 0.00594 0.00396
0.00396 0.00396 0.00396 0.00396 0.00594 0.02574 0.12673 0.34059 0.58811 0.80990 0.88316 0.85346 0.82376 0.73267 0.66138 0.63960 0.68514 0.76237 0.8     0.75643 0.61188 0.36831 0.20792 0.09900 0.05148 0.01386 0.00594 0.00396
0.00396 0.00396 0.00396 0.00396 0.00594 0.01584 0.08712 0.26138 0.49901 0.73267 0.87920 0.92475 0.88118 0.83168 0.82178 0.80198 0.85148 0.85940 0.81386 0.66930 0.43564 0.26930 0.11089 0.06534 0.02376 0.00594 0.00396 0.00396
0.00396 0.00396 0.00396 0.00396 0.00594 0.01386 0.05346 0.16633 0.34851 0.57821 0.79009 0.90495 0.94059 0.93663 0.92871 0.90693 0.87326 0.80792 0.65148 0.44752 0.27128 0.12673 0.06138 0.02772 0.00990 0.00594 0.00396 0.00396
0.00396 0.00396 0.00396 0.00396 0.00396 0.00792 0.02178 0.08118 0.17425 0.34851 0.56237 0.74653 0.85544 0.87128 0.86732 0.80396 0.71881 0.55247 0.37425 0.21386 0.11683 0.04752 0.02376 0.00792 0.00396 0.00396 0.00396 0.00396
0.00396 0.00396 0.00396 0.00396 0.00396 0.00396 0.00792 0.03168 0.04752 0.10297 0.19604 0.28118 0.35247 0.39009 0.37425 0.33465 0.27128 0.18613 0.11485 0.06336 0.02376 0.01188 0.00594 0.00396 0.00396 0.00396 0.00396 0.00396
0.00396 0.00396 0.00396 0.00396 0.00396 0.00396 0.00396 0.00792 0.01188 0.01386 0.01980 0.02574 0.03762 0.04356 0.04356 0.03960 0.03168 0.01980 0.01386 0.01188 0.00792 0.00396 0.00396 0.00396 0.00396 0.00396 0.00396 0.00396
0.00396 0.00396 0.00396 0.00396 0.00396 0.00396 0.00396 0.00396 0.00396 0.00396 0.00396 0.00396 0.00396 0.00396 0.00396 0.00396 0.00396 0.00396 0.00396 0.00396 0.00396 0.00396 0.00396 0.00396 0.00396 0.00396 0.00396 0.00396
0.00396 0.00396 0.00396 0.00396 0.00396 0.00396 0.00396 0.00396 0.00396 0.00396 0.00396 0.00396 0.00396 0.00396 0.00396 0.00396 0.00396 0.00396 0.00396 0.00396 0.00396 0.00396 0.00396 0.00396 0.00396 0.00396 0.00396 0.00396
0.00396 0.00396 0.00396 0.00396 0.00396 0.00396 0.00396 0.00396 0.00396 0.00396 0.00396 0.00396 0.00396 0.00396 0.00396 0.00396 0.00396 0.00396 0.00396 0.00396 0.00396 0.00396 0.00396 0.00396 0.00396 0.00396 0.00396 0.00396
0.00396 0.00396 0.00396 0.00396 0.00396 0.00396 0.00396 0.00396 0.00396 0.00396 0.00396 0.00396 0.00396 0.00396 0.00396 0.00396 0.00396 0.00396 0.00396 0.00396 0.00396 0.00396 0.00396 0.00396 0.00396 0.00396 0.00396 0.00396

0.00361 0.00361 0.00361 0.00361 0.00361 0.00361 0.00361 0.00361 0.00361 0.00361 0.00361 0.00361 0.00361 0.00361 0.00361 0.00361 0.00361 0.00361 0.00361 0.00361 0.00361 0.00361 0.00361 0.00361 0.00361 0.00361 0.00361 0.00361
0.00361 0.00361 0.00361 0.00361 0.00361 0.00361 0.00361 0.00361 0.00361 0.00361 0.00361 0.00361 0.00361 0.00361 0.00361 0.00361 0.00361 0.00361 0.00361 0.00361 0.00361 0.00361 0.00361 0.00361 0.00361 0.00361 0.00361 0.00361
0.00361 0.00361 0.00361 0.00361 0.00361 0.00361 0.00361 0.00361 0.00361 0.00361 0.00361 0.00361 0.00361 0.00361 0.00361 0.00361 0.00361 0.00361 0.00361 0.00361 0.00361 0.00361 0.00361 0.00361 0.00361 0.00361 0.00361 0.00361
0.00361 0.00361 0.00361 0.00361 0.00361 0.00361 0.00361 0.00361 0.00361 0.00361 0.00361 0.00361 0.00361 0.00361 0.00361 0.00361 0.00361 0.00361 0.00361 0.00361 0.00361 0.00361 0.00361 0.00361 0.00361 0.00361 0.00361 0.00361
0.00361 0.00361 0.00361 0.00361 0.00361 0.00361 0.00361 0.00361 0.00361 0.00361 0.00361 0.00541 0.00541 0.00541 0.00541 0.00541 0.00361 0.00361 0.00361 0.00361 0.00361 0.00361 0.00361 0.00361 0.00361 0.00361 0.00361 0.00361
0.00361 0.00361 0.00361 0.00361 0.00361 0.00541 0.00541 0.01083 0.01263 0.01444 0.01805 0.01805 0.01985 0.01805 0.01985 0.01805 0.01624 0.00902 0.00541 0.00361 0.00361 0.00541 0.00541 0.00361 0.00361 0.00361 0.00361 0.00361
0.00361 0.00361 0.00361 0.00361 0.01083 0.02346 0.04151 0.06137 0.07581 0.08844 0.12274 0.12635 0.14801 0.16606 0.17148 0.16787 0.16065 0.13898 0.11913 0.07581 0.04693 0.03068 0.02527 0.01263 0.00361 0.00361 0.00361 0.00361
0.00541 0.00541 0.00722 0.01985 0.05234 0.09205 0.16967 0.22382 0.30505 0.40974 0.46028 0.52166 0.56317 0.59386 0.61552 0.61371 0.62635 0.59927 0.55054 0.45487 0.31407 0.19314 0.09205 0.03249 0.00902 0.00361 0.00361 0.00361
0.00541 0.00722 0.01985 0.05234 0.11913 0.20938 0.31949 0.45126 0.57400 0.66065 0.74909 0.79602 0.82852 0.83574 0.84657 0.86642 0.85379 0.82852 0.80324 0.68953 0.50361 0.35198 0.16967 0.06678 0.01263 0.00361 0.00361 0.00361
0.00541 0.01263 0.03068 0.07039 0.15704 0.28158 0.39350 0.55776 0.68772 0.78519 0.83935 0.86462 0.86823 0.86462 0.85379 0.87545 0.91335 0.91155 0.87184 0.76534 0.60288 0.40433 0.20216 0.07942 0.01444 0.00361 0.00361 0.00361
0.00361 0.01083 0.03068 0.07761 0.17509 0.27978 0.39350 0.53971 0.64981 0.71480 0.74368 0.71119 0.65704 0.62454 0.60108 0.64440 0.73826 0.85018 0.86823 0.77617 0.60288 0.38989 0.17689 0.06317 0.01444 0.00361 0.00361 0.00361
0.00361 0.00902 0.02346 0.07039 0.14259 0.19855 0.30685 0.43862 0.51263 0.54151 0.49278 0.42779 0.36642 0.32491 0.29963 0.42057 0.61732 0.77617 0.85018 0.75451 0.57039 0.33935 0.15162 0.05415 0.01083 0.00361 0.00361 0.00361
0.00361 0.00541 0.01985 0.05415 0.10288 0.14981 0.24548 0.31407 0.36462 0.36642 0.3213  0.24187 0.1787  0.15523 0.18772 0.33574 0.57942 0.79061 0.83393 0.68592 0.50541 0.27436 0.11371 0.03971 0.00722 0.00361 0.00361 0.00361
0.00361 0.00541 0.00902 0.03429 0.06678 0.09747 0.15884 0.21480 0.23646 0.24187 0.19314 0.13357 0.09566 0.08664 0.16787 0.38989 0.66245 0.81949 0.81046 0.64620 0.39891 0.20758 0.08483 0.02346 0.00722 0.00541 0.00361 0.00361
0.00361 0.00361 0.00541 0.01624 0.04873 0.07400 0.11552 0.15704 0.17148 0.14620 0.10830 0.08483 0.07942 0.10288 0.22924 0.51805 0.75812 0.82671 0.78700 0.55054 0.30505 0.16065 0.07400 0.03249 0.01263 0.00902 0.00361 0.00361
0.00361 0.00361 0.00361 0.00902 0.03790 0.05956 0.07942 0.11732 0.11191 0.10649 0.10108 0.09747 0.11010 0.17328 0.40613 0.66065 0.83032 0.85559 0.71299 0.44404 0.27075 0.12996 0.07400 0.03610 0.01444 0.00902 0.00361 0.00361
0.00361 0.00361 0.00361 0.00722 0.02527 0.04873 0.06678 0.08303 0.10108 0.10108 0.10288 0.12093 0.14801 0.29061 0.56859 0.75451 0.85379 0.81046 0.59025 0.37184 0.20397 0.10108 0.05054 0.02888 0.01083 0.00541 0.00361 0.00361
0.00361 0.00361 0.00361 0.00722 0.01985 0.03249 0.03971 0.06317 0.07581 0.07761 0.09566 0.13898 0.22202 0.44945 0.67509 0.83032 0.84115 0.66787 0.43501 0.25992 0.12996 0.05776 0.03610 0.01985 0.01263 0.00722 0.00361 0.00361
0.00361 0.00361 0.00722 0.00722 0.01083 0.01083 0.01985 0.03068 0.04873 0.05415 0.08483 0.15343 0.32310 0.54332 0.74187 0.81588 0.73826 0.50541 0.32852 0.16426 0.08303 0.03790 0.01805 0.01083 0.00722 0.00361 0.00361 0.00361
0.00361 0.00361 0.00722 0.00541 0.00541 0.00541 0.00722 0.01444 0.01985 0.03790 0.09566 0.22021 0.43682 0.62274 0.76173 0.77075 0.60288 0.37725 0.23465 0.09025 0.05595 0.02707 0.01083 0.00541 0.00541 0.00361 0.00361 0.00361
0.00361 0.00361 0.00361 0.00361 0.00361 0.00361 0.00722 0.01444 0.02166 0.07039 0.16787 0.35018 0.52346 0.6787  0.73826 0.64620 0.48375 0.29963 0.16065 0.06678 0.04151 0.01985 0.00902 0.00361 0.00361 0.00361 0.00361 0.00361
0.00361 0.00361 0.00361 0.00361 0.00361 0.00722 0.01083 0.02166 0.05776 0.14079 0.26173 0.44404 0.56678 0.67689 0.63898 0.52707 0.40072 0.24548 0.11732 0.05054 0.03429 0.01624 0.00541 0.00361 0.00361 0.00361 0.00361 0.00361
0.00361 0.00361 0.00361 0.00361 0.00541 0.00902 0.01624 0.04151 0.10830 0.21299 0.37545 0.47472 0.57942 0.61371 0.55595 0.46028 0.33213 0.19855 0.09747 0.04332 0.03249 0.01805 0.00902 0.00361 0.00361 0.00361 0.00361 0.00361
0.00361 0.00361 0.00361 0.00361 0.00722 0.01805 0.03068 0.09205 0.17148 0.29061 0.40433 0.49458 0.55054 0.51805 0.47111 0.40072 0.29602 0.16065 0.08483 0.03971 0.03068 0.01444 0.00722 0.00361 0.00361 0.00361 0.00361 0.00361
0.00361 0.00361 0.00361 0.00361 0.00902 0.02346 0.05415 0.12815 0.22924 0.34296 0.42238 0.45667 0.49097 0.43501 0.41335 0.33935 0.26534 0.16065 0.08483 0.03790 0.02888 0.01624 0.00902 0.00361 0.00361 0.00361 0.00361 0.00361
0.00361 0.00361 0.00361 0.00361 0.00541 0.02707 0.07220 0.15162 0.24007 0.32671 0.37364 0.40433 0.38628 0.36101 0.35740 0.28519 0.22743 0.14981 0.07761 0.03610 0.02527 0.01624 0.01083 0.00541 0.00361 0.00361 0.00361 0.00361
0.00361 0.00361 0.00361 0.00361 0.00541 0.01444 0.05234 0.10288 0.16245 0.19855 0.23646 0.25812 0.23285 0.21299 0.20758 0.19494 0.13357 0.09927 0.05776 0.03249 0.02166 0.01444 0.00902 0.00541 0.00361 0.00361 0.00361 0.00361
0.00361 0.00361 0.00361 0.00361 0.00361 0.00541 0.00902 0.01263 0.01624 0.01805 0.02707 0.03790 0.04873 0.05054 0.04693 0.03790 0.03068 0.02707 0.01624 0.00902 0.00541 0.00722 0.00722 0.00361 0.00361 0.00361 0.00361 0.00361

0.00429 0.00429 0.00429 0.00429 0.00429 0.00429 0.00429 0.00429 0.00429 0.00429 0.00429 0.00429 0.00429 0.00429 0.00429 0.00429 0.00429 0.00429 0.00429 0.00429 0.00429 0.00429 0.00429 0.00429 0.00429 0.00429 0.00429 0.00429
0.00429 0.00429 0.00429 0.00429 0.00429 0.00429 0.00429 0.00429 0.00429 0.00429 0.00429 0.00429 0.00429 0.00429 0.00429 0.00429 0.00429 0.00429 0.00429 0.00429 0.00429 0.00429 0.00429 0.00429 0.00429 0.00429 0.00429 0.00429
0.00429 0.00429 0.00429 0.00429 0.00429 0.00429 0.00429 0.00429 0.00429 0.00429 0.00429 0.00429 0.00429 0.00429 0.00429 0.00429 0.00429 0.00429 0.00429 0.00429 0.00429 0.00429 0.00429 0.00429 0.00429 0.00429 0.00429 0.00429
0.00429 0.00429 0.00429 0.00429 0.00429 0.00429 0.00429 0.00429 0.00429 0.00429 0.00643 0.00643 0.00858 0.01072 0.01072 0.01287 0.01502 0.01287 0.01287 0.00858 0.00643 0.00429 0.00429 0.00429 0.00429 0.00429 0.00429 0.00429
0.00429 0.00429 0.00429 0.00429 0.00429 0.00643 0.00429 0.00643 0.00858 0.01287 0.02145 0.04721 0.08583 0.12446 0.17382 0.21673 0.23176 0.22746 0.19098 0.13948 0.09442 0.04721 0.02145 0.01287 0.00643 0.00429 0.00429 0.00429
0.00429 0.00429 0.00429 0.00429 0.00429 0.00429 0.00643 0.01072 0.02360 0.07939 0.16094 0.30042 0.41201 0.55364 0.67811 0.76609 0.79613 0.74034 0.63948 0.49570 0.34763 0.22961 0.12231 0.06008 0.03004 0.01072 0.00858 0.00429
0.00429 0.00429 0.00429 0.00429 0.00643 0.00429 0.01502 0.03862 0.11158 0.23176 0.37553 0.54077 0.68025 0.81759 0.88197 0.88626 0.88626 0.84763 0.78326 0.65879 0.51716 0.37339 0.23176 0.12446 0.06223 0.01931 0.01287 0.00858
0.00429 0.00429 0.00429 0.00429 0.00643 0.01287 0.03218 0.10729 0.21888 0.38197 0.53004 0.67811 0.75536 0.82403 0.82403 0.80472 0.77253 0.76180 0.74463 0.67811 0.57296 0.44849 0.31545 0.18669 0.09012 0.02789 0.01502 0.00858
0.00429 0.00429 0.00429 0.00429 0.00858 0.02789 0.07296 0.15450 0.29399 0.48068 0.63519 0.71673 0.74678 0.68884 0.60944 0.54291 0.53218 0.56652 0.63304 0.63304 0.58583 0.50214 0.39699 0.22746 0.11588 0.03648 0.01502 0.00643
0.00429 0.00429 0.00429 0.00429 0.01716 0.04077 0.10085 0.17596 0.32618 0.50643 0.65236 0.68240 0.64377 0.53004 0.42274 0.33476 0.39485 0.50643 0.62660 0.66952 0.64377 0.52575 0.38412 0.24248 0.12017 0.03862 0.00643 0.00429
0.00429 0.00429 0.00429 0.00429 0.01716 0.05150 0.09442 0.20171 0.30042 0.49356 0.63519 0.67596 0.62231 0.47424 0.36909 0.33476 0.44206 0.56867 0.70171 0.7103  0.66309 0.48927 0.30472 0.18454 0.08154 0.01716 0.00643 0.00429
0.00429 0.00429 0.00429 0.00429 0.01716 0.05150 0.09656 0.19098 0.2897  0.43347 0.60085 0.67811 0.66523 0.57296 0.43347 0.46995 0.59871 0.73819 0.76180 0.69313 0.54721 0.36480 0.20386 0.09656 0.03433 0.01502 0.00643 0.00643
0.00429 0.00429 0.00429 0.00429 0.01502 0.04077 0.08798 0.14806 0.24892 0.39699 0.54077 0.68884 0.73605 0.68454 0.62231 0.70386 0.79399 0.81974 0.70171 0.55150 0.37982 0.20815 0.10515 0.04077 0.02789 0.01072 0.00643 0.00643
0.00429 0.00429 0.00429 0.00429 0.01287 0.03004 0.06223 0.12231 0.20386 0.32188 0.46566 0.68669 0.83261 0.85193 0.83476 0.86266 0.89914 0.7897  0.55794 0.35622 0.19957 0.10729 0.06223 0.03218 0.01931 0.01072 0.00429 0.00429
0.00429 0.00429 0.00429 0.00429 0.00429 0.02145 0.04291 0.08798 0.15879 0.25536 0.43347 0.68240 0.87982 0.92060 0.93562 0.94635 0.89055 0.67596 0.42274 0.21673 0.11588 0.06437 0.03648 0.02360 0.01502 0.00643 0.00429 0.00429
0.00429 0.00429 0.00429 0.00429 0.00429 0.01287 0.03218 0.06008 0.11802 0.25536 0.47210 0.74248 0.89485 0.94635 0.93133 0.91416 0.78326 0.55150 0.34549 0.17811 0.10944 0.05579 0.02789 0.02575 0.01502 0.00429 0.00429 0.00429
0.00429 0.00429 0.00429 0.00429 0.00643 0.01716 0.03433 0.06866 0.15450 0.36480 0.60300 0.80901 0.87768 0.88626 0.83476 0.80257 0.7103  0.52789 0.35836 0.2103  0.12017 0.07510 0.03433 0.02360 0.01502 0.00429 0.00429 0.00429
0.00429 0.00429 0.00429 0.00429 0.00858 0.01931 0.04935 0.14377 0.28111 0.51502 0.74463 0.82832 0.78111 0.70815 0.68454 0.66094 0.63948 0.53218 0.37339 0.24892 0.14377 0.09012 0.05793 0.03218 0.01502 0.00429 0.00429 0.00429
0.00429 0.00429 0.00429 0.00429 0.00858 0.03433 0.09656 0.24034 0.41630 0.64592 0.75536 0.75751 0.65021 0.55150 0.52360 0.59012 0.58369 0.52575 0.39485 0.26609 0.18884 0.11158 0.06866 0.03648 0.01502 0.00429 0.00429 0.00429
0.00429 0.00429 0.00429 0.00429 0.00858 0.06008 0.14377 0.32188 0.49785 0.68025 0.73819 0.62875 0.49141 0.45493 0.47210 0.53862 0.55794 0.51287 0.43347 0.30686 0.19098 0.12017 0.06437 0.03433 0.01287 0.00429 0.00429 0.00429
0.00429 0.00429 0.00429 0.00429 0.01072 0.07510 0.20815 0.37339 0.55794 0.71888 0.66523 0.58369 0.48497 0.48497 0.53433 0.54506 0.57081 0.55364 0.45708 0.32403 0.19527 0.12017 0.05579 0.03004 0.01072 0.00429 0.00429 0.00429
0.00429 0.00429 0.00429 0.00429 0.01287 0.08798 0.20815 0.38197 0.56652 0.67596 0.70815 0.68884 0.66523 0.67596 0.68240 0.64377 0.61158 0.54077 0.42060 0.30472 0.17596 0.09656 0.05150 0.02575 0.00858 0.00429 0.00429 0.00429
0.00429 0.00429 0.00429 0.00429 0.00858 0.07725 0.18454 0.34978 0.51287 0.66094 0.80042 0.84763 0.87553 0.85193 0.79184 0.70386 0.59012 0.49570 0.38197 0.24678 0.13519 0.06223 0.04506 0.01716 0.00858 0.00429 0.00429 0.00429
0.00429 0.00429 0.00429 0.00429 0.00429 0.05150 0.13733 0.25751 0.40343 0.55150 0.70386 0.82403 0.87124 0.85193 0.74678 0.61588 0.49356 0.39270 0.25965 0.15450 0.06652 0.03648 0.02575 0.00858 0.00643 0.00429 0.00429 0.00429
0.00429 0.00429 0.00429 0.00429 0.00429 0.01931 0.06652 0.12231 0.20600 0.29399 0.39699 0.47639 0.51931 0.50643 0.43991 0.35836 0.27682 0.20815 0.12660 0.07081 0.03862 0.02575 0.00858 0.00429 0.00429 0.00429 0.00429 0.00429
0.00429 0.00429 0.00429 0.00429 0.00429 0.00429 0.00429 0.01072 0.01287 0.01716 0.02360 0.03433 0.04506 0.05150 0.05150 0.04077 0.03004 0.01931 0.01716 0.01502 0.00858 0.00429 0.00429 0.00429 0.00429 0.00429 0.00429 0.00429
0.00429 0.00429 0.00429 0.00429 0.00429 0.00429 0.00429 0.00429 0.00429 0.00429 0.00429 0.00429 0.00429 0.00429 0.00429 0.00429 0.00429 0.00429 0.00429 0.00429 0.00429 0.00643 0.00643 0.00643 0.00429 0.00429 0.00429 0.00429
0.00429 0.00429 0.00429 0.00429 0.00429 0.00429 0.00429 0.00429 0.00429 0.00429 0.00429 0.00429 0.00429 0.00429 0.00429 0.00429 0.00429 0.00429 0.00429 0.00429 0.00429 0.00429 0.00429 0.00429 0.00429 0.00429 0.00429 0.00429

0.00400 0.00400 0.00400 0.00400 0.00400 0.00400 0.00400 0.00400 0.00400 0.00400 0.00400 0.00400 0.00400 0.00400 0.00400 0.00400 0.00400 0.00400 0.00400 0.00400 0.00400 0.00400 0.00400 0.00400 0.00400 0.00400 0.00400 0.00400
0.00400 0.00400 0.00400 0.00400 0.00400 0.00400 0.00400 0.00400 0.00400 0.00400 0.00400 0.00400 0.00400 0.00400 0.00400 0.00400 0.00400 0.00400 0.00400 0.00400 0.00400 0.00400 0.00400 0.00400 0.00400 0.00400 0.00400 0.00400
0.00400 0.00400 0.00400 0.00400 0.00400 0.00400 0.00400 0.00400 0.00400 0.00400 0.00400 0.00400 0.00400 0.00400 0.00400 0.00400 0.00400 0.00400 0.00400 0.00400 0.00400 0.00400 0.00400 0.00400 0.00400 0.00400 0.00400 0.00400
0.00400 0.00400 0.00400 0.00400 0.00400 0.00400 0.00400 0.00400 0.00400 0.00400 0.00400 0.00400 0.00400 0.00400 0.00400 0.00400 0.00400 0.00400 0.00400 0.00400 0.00400 0.00400 0.00400 0.00400 0.00400 0.00400 0.00400 0.00400
0.00400 0.00400 0.00400 0.00400 0.00400 0.00400 0.00400 0.00400 0.00400 0.00400 0.00601 0.00801 0.01002 0.01002 0.01002 0.01002 0.01002 0.00601 0.00400 0.00400 0.00400 0.00400 0.00400 0.00400 0.00400 0.00400 0.00400 0.00400
0.00400 0.00400 0.00400 0.00400 0.00400 0.00400 0.00400 0.00400 0.00400 0.00601 0.01402 0.03006 0.04208 0.04408 0.05410 0.06212 0.05010 0.04408 0.02805 0.01803 0.01603 0.00601 0.00400 0.00400 0.00400 0.00400 0.00400 0.00400
0.00400 0.00400 0.00400 0.00400 0.00400 0.00400 0.00801 0.01202 0.02404 0.06412 0.12224 0.19438 0.34468 0.48697 0.57915 0.61122 0.58717 0.49699 0.37474 0.26052 0.15230 0.06412 0.01002 0.00601 0.00400 0.00400 0.00400 0.00400
0.00400 0.00400 0.00400 0.00400 0.00400 0.00801 0.01603 0.04208 0.08817 0.18637 0.32464 0.51903 0.73747 0.85971 0.93988 0.93587 0.90982 0.82765 0.65731 0.47695 0.30060 0.14228 0.04408 0.02004 0.00801 0.00400 0.00400 0.00400
0.00400 0.00400 0.00400 0.00400 0.00801 0.01603 0.05010 0.10821 0.18837 0.35871 0.58917 0.81563 0.90982 0.91182 0.88577 0.83366 0.82765 0.83366 0.75350 0.60320 0.39879 0.21242 0.08617 0.02404 0.00801 0.00400 0.00400 0.00400
0.00400 0.00400 0.00400 0.00400 0.01202 0.04208 0.09018 0.17835 0.33466 0.57515 0.79959 0.86973 0.83366 0.68136 0.58517 0.52705 0.59919 0.69739 0.73346 0.64729 0.44288 0.23046 0.10220 0.03406 0.00601 0.00400 0.00400 0.00400
0.00400 0.00400 0.00400 0.00400 0.01803 0.07214 0.12424 0.26452 0.46893 0.76152 0.81362 0.78757 0.60120 0.38076 0.23446 0.28056 0.44288 0.66533 0.75150 0.71142 0.48897 0.25050 0.11623 0.03406 0.01002 0.00400 0.00400 0.00400
0.00400 0.00400 0.00400 0.00400 0.02805 0.09418 0.17034 0.35470 0.59519 0.78557 0.76152 0.61923 0.34468 0.17434 0.16633 0.30460 0.54709 0.77154 0.82364 0.72144 0.48697 0.24649 0.09619 0.02004 0.00801 0.00601 0.00400 0.00400
0.00400 0.00400 0.00400 0.00801 0.03406 0.10220 0.21643 0.44689 0.64128 0.77154 0.72144 0.45090 0.28657 0.22244 0.31663 0.51302 0.74348 0.87976 0.84368 0.71142 0.43086 0.20641 0.05210 0.01402 0.00601 0.00601 0.00400 0.00400
0.00400 0.00400 0.00400 0.01202 0.04008 0.10220 0.22444 0.47695 0.65130 0.75551 0.67935 0.49098 0.40881 0.47094 0.57114 0.73947 0.86172 0.93186 0.83967 0.62324 0.33867 0.12825 0.04609 0.00801 0.00601 0.00601 0.00601 0.00400
0.00400 0.00400 0.00400 0.01202 0.03607 0.1002  0.20841 0.42685 0.61122 0.70741 0.70741 0.63727 0.63527 0.66332 0.74949 0.83967 0.92184 0.93988 0.78557 0.50300 0.23046 0.09819 0.03807 0.01002 0.00400 0.00601 0.00601 0.00400
0.00400 0.00400 0.00400 0.01002 0.02805 0.09018 0.17034 0.34869 0.53106 0.62324 0.67735 0.68737 0.69338 0.70741 0.77154 0.86372 0.92384 0.89579 0.67935 0.37875 0.17034 0.06212 0.03206 0.00801 0.00400 0.00601 0.00801 0.00400
0.00400 0.00400 0.00400 0.00801 0.01803 0.05410 0.12625 0.23446 0.38276 0.49298 0.57915 0.59719 0.60721 0.63326 0.70340 0.84368 0.90781 0.79959 0.55110 0.28857 0.12424 0.05811 0.02004 0.00601 0.00400 0.00601 0.00601 0.00400
0.00400 0.00400 0.00601 0.00801 0.00801 0.03206 0.07414 0.13426 0.20841 0.30460 0.37474 0.40080 0.42485 0.52104 0.67334 0.80961 0.83967 0.70340 0.44489 0.23647 0.11222 0.04008 0.01803 0.01002 0.00400 0.00400 0.00400 0.00400
0.00400 0.00400 0.00601 0.00601 0.00601 0.01603 0.03006 0.06012 0.10621 0.15230 0.19038 0.22845 0.31062 0.46092 0.66533 0.75551 0.75551 0.58116 0.36472 0.21643 0.09619 0.03406 0.02404 0.01402 0.00601 0.00400 0.00400 0.00400
0.00400 0.00400 0.00400 0.00601 0.00601 0.01402 0.02004 0.03607 0.05010 0.06412 0.11823 0.18236 0.29058 0.46893 0.61723 0.66332 0.62925 0.45891 0.30060 0.19038 0.1002  0.03006 0.02404 0.01202 0.01002 0.00400 0.00400 0.00400
0.00400 0.00400 0.00400 0.00601 0.00601 0.00801 0.02004 0.02204 0.02805 0.06613 0.10220 0.18436 0.34869 0.50701 0.58517 0.58116 0.50501 0.39679 0.26252 0.17234 0.09819 0.04008 0.02404 0.01202 0.01002 0.00400 0.00400 0.00400
0.00400 0.00400 0.00400 0.00400 0.00601 0.00801 0.01603 0.02605 0.04408 0.08617 0.16432 0.28256 0.40681 0.49899 0.54909 0.52705 0.45090 0.31462 0.24448 0.16432 0.1002  0.05410 0.02404 0.01202 0.01002 0.00400 0.00400 0.00400
0.00400 0.00400 0.00400 0.00400 0.00400 0.00601 0.01803 0.03607 0.07214 0.13226 0.22444 0.33667 0.44489 0.48897 0.49298 0.44288 0.36873 0.29258 0.23847 0.17635 0.11222 0.05811 0.02404 0.01202 0.01002 0.00400 0.00400 0.00400
0.00400 0.00400 0.00400 0.00400 0.00601 0.00801 0.02004 0.05811 0.10821 0.17635 0.28657 0.35470 0.42685 0.43887 0.42885 0.38477 0.32264 0.27855 0.23847 0.16432 0.12224 0.06412 0.03006 0.01603 0.00801 0.00400 0.00400 0.00400
0.00400 0.00400 0.00400 0.00400 0.00801 0.01402 0.03006 0.07014 0.12625 0.20440 0.29659 0.35070 0.38677 0.37074 0.35270 0.32665 0.28857 0.25050 0.22444 0.15230 0.10420 0.06613 0.03607 0.01803 0.00601 0.00400 0.00400 0.00400
0.00400 0.00400 0.00400 0.00400 0.00601 0.01603 0.03607 0.07414 0.12825 0.19038 0.25851 0.29659 0.29659 0.28657 0.27054 0.24849 0.23246 0.20641 0.17635 0.11022 0.08416 0.05611 0.03006 0.01202 0.00801 0.00400 0.00400 0.00400
0.00400 0.00400 0.00400 0.00601 0.00801 0.01002 0.01603 0.02805 0.04809 0.06412 0.07615 0.08216 0.08617 0.08216 0.08817 0.07815 0.07214 0.06613 0.05410 0.03006 0.02404 0.01803 0.01002 0.00601 0.00400 0.00400 0.00400 0.00400
0.00400 0.00400 0.00400 0.00400 0.00400 0.00400 0.00400 0.00400 0.00400 0.00400 0.00400 0.00400 0.00601 0.00601 0.00801 0.00601 0.00601 0.00400 0.00601 0.00801 0.00601 0.00400 0.00400 0.00400 0.00400 0.00400 0.00400 0.00400

